170 50.12
107 37.52
43 56.9
24 40.71
50 72.83
89 17.41
72 34.71
102 69.79
173 58.21
211 7.83
145 44.32
142 31.81
169 50.47
17 66.72
184 16.05
3 72.04
174 39.58
200 52.34
172 43.6
81 45.88
11 68.63
35 61.54
97 50.33
42 58.42
198 37.68
44 27.12
160 60.65
132 74.23
108 25.26
178 69.85
87 65.88
116 48.38
127 7.93
150 67.12
30 75.74
94 46.39
68 15.55
88 18.16
131 6.95
105 58.55
212 56.6
45 63.95
149 70.15
196 52.67
39 58.79
206 32.89
203 56.0
37 61.1
90 71.71
1 73.15
34 72.06
125 8.02
201 46.73
23 40.88
205 29.19
21 37.39
22 37.88
185 11.35
28 67.46
115 62.25
114 12.88
16 67.14
181 57.43
129 8.32
20 44.07
95 58.01
154 47.41
74 18.67
157 50.22
119 13.9
158 39.68
70 18.34
29 77.05
77 73.2
27 69.02
25 69.68
80 70.39
195 51.6
54 61.19
147 51.23
136 20.66
46 61.37
14 70.55
167 51.02
143 32.01
63 15.98
13 66.16
64 51.72
199 43.22
15 71.24
4 72.42
133 33.17
84 35.53
106 52.75
148 66.01
92 40.17
194 11.7
155 53.09
109 40.86
202 53.38
180 40.58
71 15.5
53 53.54
38 59.5
41 59.88
208 56.38
101 53.12
26 69.46
9 71.04
65 52.7
19 68.47
120 10.13
130 7.8
78 46.65
75 46.78
215 67.43
33 74.83
171 57.25
49 72.58
67 24.77
168 48.38
40 61.81
179 69.28
6 54.89
204 61.72
191 19.37
123 8.48
189 73.92
83 20.99
12 69.46
18 71.06
91 44.43
32 74.12
192 12.15
82 23.19
96 50.9
69 16.19
124 7.06
56 39.17
151 39.3
8 74.06
166 48.62
193 11.73
153 49.12
140 10.38
165 51.04
112 49.78
135 33.21
210 45.42
186 12.01
